       N       E                     dE             d eps       ncg     rms          rms(c)
DAV:   1     0.515735471534E+04    0.51574E+04   -0.10270E+05177000   0.327E+03
DAV:   2     0.111273954201E+04   -0.40446E+04   -0.38062E+04168560   0.928E+02
DAV:   3    -0.810167232104E+02   -0.11938E+04   -0.11173E+04211104   0.314E+02
DAV:   4    -0.229591284740E+03   -0.14857E+03   -0.14579E+03199216   0.116E+02
